1.297067816442816479e+02
1.273895853887714367e+02
1.244428840677260837e+02
1.235110634068773408e+02
1.230789539446061127e+02
1.217987242622987907e+02
1.207669276304426376e+02
1.208413571077391708e+02
1.205889326550970821e+02
1.207727840940345203e+02
1.207072813199063575e+02
1.208920224714952525e+02
1.215788613014767208e+02
1.214808031337522465e+02
1.218225584308046905e+02
1.220121887774061662e+02
1.221274391099392034e+02
1.224668361747229284e+02
1.222509909095011835e+02
1.218218175598994293e+02
1.215346735951387132e+02
1.211788674400909116e+02
1.211820435623418604e+02
1.208335884033161989e+02
1.209004614213057351e+02
1.204386842111594973e+02
1.198429552660032726e+02
1.190616322695850755e+02
1.182948819409505887e+02
1.175290537909585424e+02
1.162979426746093310e+02
1.153964608823275597e+02
1.151744092019091994e+02
1.144730359147025780e+02
1.137564905464905252e+02
1.135338326928712149e+02
1.132100717486338226e+02
1.129535507627397806e+02
1.127717423437504607e+02
1.124994475315037761e+02
1.123387761209983609e+02
1.121529585066349597e+02
1.116727289377289480e+02
1.113929711053894067e+02
1.112361729074609258e+02
1.111866674991675126e+02
1.113083521416854751e+02
1.112619880119880094e+02
1.111161963036962987e+02
1.113846593221593224e+02
1.115939342066793074e+02
1.117812848357720128e+02
1.118567054942432009e+02
1.120899363373585658e+02
1.126140143636695399e+02
1.127025436908770217e+02
1.129345566778900007e+02
1.132931759955444164e+02
1.134374756850975245e+02
1.135699117134399785e+02
1.137625285435811833e+02
1.141435714285714198e+02
1.140236391603001067e+02
1.140813274911213284e+02
1.139195524799958434e+02
1.140546493218268438e+02
1.140623329170127249e+02
1.141131513761899328e+02
1.141355513563450046e+02
1.141717601890844662e+02
1.143450134455803351e+02
1.144535206588777925e+02
1.146629781567281583e+02
1.148114461400175657e+02
1.153679980667480578e+02
1.157820800958300964e+02
1.163387677563603546e+02
1.172172838662200434e+02
1.181844517620887558e+02
1.184415906133743874e+02
1.193397777777777691e+02
1.204349603174603089e+02
1.210019922669922607e+02
1.217419563279857471e+02
1.224884234622649188e+02
1.230057517143709021e+02
1.236499275030524956e+02
1.239352907509157404e+02
1.238372462451730627e+02
1.229514066951566775e+02
1.219125158392963613e+02
1.218804030500030109e+02
1.219982791426727289e+02
1.215573377017510097e+02
1.210962110548048116e+02
1.199012403378973630e+02
1.190372332159182633e+02
1.188120853566240527e+02
1.187972862824400408e+02
1.191255343878240041e+02
1.195258175068659057e+02
1.197079130490867129e+02
1.194361262998944113e+02
1.187260643886089468e+02
1.177678649964998812e+02
1.169104671386929368e+02
1.157377381468647997e+02
1.148472286261416713e+02
1.134379905721369113e+02
1.121431712659675242e+02
1.110483360262436463e+02
1.100228099351026145e+02
1.095891708404709561e+02
1.091175884154831550e+02
1.087313278508930807e+02
1.085054623260916031e+02
1.083669925638209151e+02
1.085036298733021596e+02
1.083802258859521004e+02
1.084210401899180738e+02
1.086320895994704898e+02
1.086057051531993665e+02
1.086007823044310641e+02
1.089220499209250619e+02
1.088912392002746401e+02
1.091136349810504385e+02
1.093686872196357172e+02
1.095330133695952100e+02
1.094821602276073804e+02
1.094831718236596316e+02
1.097733335375262556e+02
1.097596008709028297e+02
1.098615997994905484e+02
1.101359991092917880e+02
1.100824633699633779e+02
1.101199881870613666e+02
1.100820211640211710e+02
1.098790857544282176e+02
1.097402930402930252e+02
1.099493647010266812e+02
1.099565776424931300e+02
1.098633531283531255e+02
1.096219592999593004e+02
1.096179503161698250e+02
1.097412696349034462e+02
1.095648799348799258e+02
1.094297440529960710e+02
1.092311919851705397e+02
1.093204814814814796e+02
1.094386613855882189e+02
1.095189477974723644e+02
1.094093186398064290e+02
1.093028487092382619e+02
1.093533593385948421e+02
1.091956061651713839e+02
1.091180887070622845e+02
1.091417116719639324e+02
1.092676528808766392e+02
1.090552033879870777e+02
1.088662782621787528e+02
1.087469335064501621e+02
1.087519396826212841e+02
1.088331491753602194e+02
1.087828193778519079e+02
1.087384102448289553e+02
1.088259926047026056e+02
1.088784174061082837e+02
1.089265438761296423e+02
1.087870304501656165e+02
1.088095870878185707e+02
1.088836869454963789e+02
1.087849613165283387e+02
1.089549668774465516e+02
1.090635199430199265e+02
1.090723270417853854e+02
1.093208066239316310e+02
1.096092499690325894e+02
1.097422924441234358e+02
1.100220554513237374e+02
1.101525602503912324e+02
1.102769783197831970e+02
1.104104140319180942e+02
1.104231805294975999e+02
1.104019216524216489e+02
1.104326296296296306e+02
1.105127085350238900e+02
1.107397529706066308e+02
1.108809944190766146e+02
1.106074268640122256e+02
1.108426410024784019e+02
1.105350229586357642e+02
1.107869771840434936e+02
1.108400873930451240e+02
1.107338133903133865e+02
1.105923502925564179e+02
1.108052383933228953e+02
1.107731331221293516e+02
1.107760158784686411e+02
1.109526168699187139e+02
1.107377314274081783e+02
1.107971510189493785e+02
1.107602102073446275e+02
1.107210187988945194e+02
1.106849162181762694e+02
1.108104204648107043e+02
1.109053843831652131e+02
1.108176027751019319e+02
1.108239152431217036e+02
1.108743252874204472e+02
1.109179323266399848e+02
1.109079661564690724e+02
1.109174164917235998e+02
1.109384159773455423e+02
1.108525949975950056e+02
1.108629505420054215e+02
1.109296266233766204e+02
1.108182877633158085e+02
1.108132912457912340e+02
1.108455668473351352e+02
1.108455668473351352e+02
1.107938028299137159e+02
1.108203981761968748e+02
1.107387566279287370e+02
1.106419394065735560e+02
1.105529589022374921e+02
1.107733092007736246e+02
1.107003892299666887e+02
1.108092312180066301e+02
1.108498026895943411e+02
1.108490471619993940e+02
1.107750245510662239e+02
1.107813984869015371e+02
1.107892033649503105e+02
1.108528331074977444e+02
1.107424200455145638e+02
1.106770890977795716e+02
1.108439972899728900e+02
1.108829706037338241e+02
1.108301796956431104e+02
1.105394238112835836e+02
1.098834088446764525e+02
1.096316403133903208e+02
1.097642769675455980e+02
1.097650637906026958e+02
1.096123466286799584e+02
1.096540041755895345e+02
1.095220151946818561e+02
1.095943202927755777e+02
1.096740891220691907e+02
1.095101466049382708e+02
1.095769325967618641e+02
1.096004333092572551e+02
1.095617945938433877e+02
1.096026243253885468e+02
1.095018801207825589e+02
1.095661949453362212e+02
1.095665198011488570e+02
1.095922293447293470e+02
1.095315043009079403e+02
1.095106576798944644e+02
1.094438097914910060e+02
1.094617830233226528e+02
1.094897982400438536e+02
1.094825612271807671e+02
1.093307237654320971e+02
1.093846620321275651e+02
1.092864203246263770e+02
1.090939072886989578e+02
1.092436534894500966e+02
1.092478627594370693e+02
1.091087866913600237e+02
1.090762219008407925e+02
1.091188023330553847e+02
1.091304759340328445e+02
1.090862929011820341e+02
1.091589292350162026e+02
1.090432171276707578e+02
1.088432567902996908e+02
1.089430253846502836e+02
1.088298100085701776e+02
1.087834259177434859e+02
1.087838247428948648e+02
1.086978731933152744e+02
1.086259230457038711e+02
1.085540763324299860e+02
1.085720219813309200e+02
1.085069039576869159e+02
1.085208587398374078e+02
1.085339175485008809e+02
1.085664389327468058e+02
1.086555415503758724e+02
1.087549988018557059e+02
1.087863843577003991e+02
1.087593582070970371e+02
1.087280187509000626e+02
1.088553874678777191e+02
1.087730539052185321e+02
1.088313066433263572e+02
1.088018329598360197e+02
1.089436993794389394e+02
1.088664223406371860e+02
1.089932225768729381e+02
1.089838022870178520e+02
1.090307334937345018e+02
1.090872023724873685e+02
1.090059254239080957e+02
1.089842610688393165e+02
1.088681220118713782e+02
1.089983482905983010e+02
1.089239109349240948e+02
1.089771188242651618e+02
1.090706604203730876e+02
1.089835214370092444e+02
1.089830478771454381e+02
1.090684984695669755e+02
1.090819770090324710e+02
1.087824963576772461e+02
1.089565850992213569e+02
1.089761506754776548e+02
1.089281229160621507e+02
1.089467152881890541e+02
1.090202178009712242e+02
1.089712544607883729e+02
1.089584237865561107e+02
1.090372429261559688e+02
1.088877976779627375e+02
1.089491068955133954e+02
1.089304142635443355e+02
1.088734483919268428e+02
1.091662723165647435e+02
1.090904503341936334e+02
1.090921210198998921e+02
1.090813916368467034e+02
1.089869732478337596e+02
1.090762821312761872e+02
1.088854045923212652e+02
1.088913227513227611e+02
1.088733249257084736e+02
1.089206608702198054e+02
1.088463810124859066e+02
1.088920027319205275e+02
1.088066071850462180e+02
1.088149506210008468e+02
1.088404420818567218e+02
1.088691035307285233e+02
1.087861719437335779e+02
1.087887758096799189e+02
1.087784087622169835e+02
1.087953459447706024e+02
1.088398534798534882e+02
1.087719246101437847e+02
1.087663262470659760e+02
1.087251297977384894e+02
1.087684413780030326e+02
1.087666956027230043e+02
1.087586771983631451e+02
1.087651744916676506e+02
1.087276525760653385e+02
1.087922840900009760e+02
1.086854185619819901e+02
1.085244974788193417e+02
1.085984582463296277e+02
1.085214498335031408e+02
1.085094403960204659e+02
1.083580771962689795e+02
1.085726751271361081e+02
1.085522585872672181e+02
1.085934013819933881e+02
1.084284117775375762e+02
1.084773681316523408e+02
1.084329312505843319e+02
1.086613262681671586e+02
1.086648731246189072e+02
1.086623031145508236e+02
1.086417736998866275e+02
1.086571040638711878e+02
1.085175345632938928e+02
1.086309627622504337e+02
1.086336122345437474e+02
1.080239658231165123e+02
1.070017064802270284e+02
1.071505108297499618e+02
1.068675240994419227e+02
1.068852794085670865e+02
1.068682830715707297e+02
1.068319033438270935e+02
1.069334933506702328e+02
1.069199921314870636e+02
1.069461029991570769e+02
1.068199063007008363e+02
1.069849450107058857e+02
1.068371850848289313e+02
1.069035366493079522e+02
1.068218135938136015e+02
1.068120700821248761e+02
1.068834956050501006e+02
1.068546323605982735e+02
1.067441166544663815e+02
1.069432881662149981e+02
1.068870499555759324e+02
1.070444356261022989e+02
1.069645749737675260e+02
1.069424024185587854e+02
1.070819546194546206e+02
1.071482021199412458e+02
1.073738738331827705e+02
1.073550732600732545e+02
1.072905419118176695e+02
1.074759414538762456e+02
1.075068840542325006e+02
1.074285600903946687e+02
1.074087271105431256e+02
1.073661605616605783e+02
1.076493416768416864e+02
1.076256598682524555e+02
1.075635836385836228e+02
1.076496896621896582e+02
1.077073441011484505e+02
1.078775532740370267e+02
1.078743365893365791e+02
1.079145380545380561e+02
1.077811083977750712e+02
1.076995679690679708e+02
1.078328473185233634e+02
1.076181589709195379e+02
1.076534645909645889e+02
1.077237397586310550e+02
1.075730038665038677e+02
1.074417773707773875e+02
1.074040422592535151e+02
1.074131636188961920e+02
1.073264692241436506e+02
1.073874461584320699e+02
1.074525392755392659e+02
1.075056247430315608e+02
1.075676343609274426e+02
1.073044271469271393e+02
1.072300280124878213e+02
1.072184331369114005e+02
1.072920029146949901e+02
1.071475535591552699e+02
1.071710336532317314e+02
1.071092250996135675e+02
1.071119046891828361e+02
1.071703871812567428e+02
1.071705495523601712e+02
1.071826906512953173e+02
1.073509419175683206e+02
1.072698920166591421e+02
1.073852437424201867e+02
1.073108377130116224e+02
1.074529777830483681e+02
1.072160238223040096e+02
1.074174758166037265e+02
1.073227177747105117e+02
1.073844522655189877e+02
1.074264423242562856e+02
1.074777484926787423e+02
1.075027379015535871e+02
1.073940173580803759e+02
1.072761394617559034e+02
1.075083028083028012e+02
1.074958348649333146e+02
1.076809851241145566e+02
1.075294069308363731e+02
1.075676988060498189e+02
1.074845302056869656e+02
1.075971608782164282e+02
1.075964335276536730e+02
1.075385066260587337e+02
1.076661975986975932e+02
1.075930642670368798e+02
1.075940726244835872e+02
1.075934047969055740e+02
1.075775930479126856e+02
1.078136248923539142e+02
1.077211894916163288e+02
1.076726420540475146e+02
1.075825760362329788e+02
1.077273053805536165e+02
1.076660210861804927e+02
1.077770439434923873e+02
1.077442005154699700e+02
1.077360489108315278e+02
1.077349216384832857e+02
1.076047184170471809e+02
1.077166945373467115e+02
1.076728041650995493e+02
1.076884193146270263e+02
1.077836720720877821e+02
1.076854990375521766e+02
1.077656624112755281e+02
1.077872445368527821e+02
1.077811545406482878e+02
1.077552027087464808e+02
1.077751436149053887e+02
1.077654928837954458e+02
1.077654010796297825e+02
1.077670848977638798e+02
1.077649549256787651e+02
1.076909015245314549e+02
1.077570681997938067e+02
1.076696998515198658e+02
1.077799556521598987e+02
1.077841633877109189e+02
1.076463079402049203e+02
1.078119362327249036e+02
1.077417774732031575e+02
1.076506190256502578e+02
1.077301289794110772e+02
1.077949456419632384e+02
1.077372027507012291e+02
1.077250564946217111e+02
1.076947200564490714e+02
1.077005827091772403e+02
1.077297648842745019e+02
1.075884241538080346e+02
1.076382463858745808e+02
1.078705688886142298e+02
1.076993884175803231e+02
1.078488606802209802e+02
1.076220984114623178e+02
1.077704149222493584e+02
1.076284786103933442e+02
1.077387326409065622e+02
1.075799903877542079e+02
1.078670511630748052e+02
1.075980734639464771e+02
1.076925032651442251e+02
1.077409382740252539e+02
1.076069988564448181e+02
1.076251642495603846e+02
1.075722463009797139e+02
1.077276717167246289e+02
1.076790748923085488e+02
1.076851291587814359e+02
1.076961657926007234e+02
1.076864513269006096e+02
1.076986822556479666e+02
1.076802993370163222e+02
1.076821143725920109e+02
1.077543985313687500e+02
1.076463600327593326e+02
1.076462565165920324e+02
1.076446085913096766e+02
1.077868581539461275e+02
1.076117651241279844e+02
1.077649206422321981e+02
1.077010189733951080e+02
1.075627567912902123e+02
1.076016484908755473e+02
1.077635619129067663e+02
1.079229820351822582e+02
1.077917187647816064e+02
1.076414024169096706e+02
1.075947372184850224e+02
1.075656562229700057e+02
1.076796566395379244e+02
1.075241510023960956e+02
1.075753286421223720e+02
1.075437706262204074e+02
1.075018679370222117e+02
1.074081357530990317e+02
1.072547787639040422e+02
1.073747706992465965e+02
1.072616498508663909e+02
1.073386778102529320e+02
1.072784752742694394e+02
1.074480303006592266e+02
1.074565219217619045e+02
1.075282351490911452e+02
1.074536902544077179e+02
1.074475220858773383e+02
1.073725989282949200e+02
1.074515589712758583e+02
1.073638094227072912e+02
1.074693055361700971e+02
1.077903395286330124e+02
1.077905378782124899e+02
1.078951345490925604e+02
1.077211899386401228e+02
1.078466681980364257e+02
1.079270496352565800e+02
1.079086376200730086e+02
1.078213968323927929e+02
1.076526688032971180e+02
1.077433269956828070e+02
1.077947321271606143e+02
1.078422547545894332e+02
1.078759141707358395e+02
1.079457050129774984e+02
1.080490225989639157e+02
1.079119711511085171e+02
1.081669100270315340e+02
1.081645286002462854e+02
1.081403993605077716e+02
1.081201751810433507e+02
1.082028575889377890e+02
1.082472186012995650e+02
1.081358307729059476e+02
1.082141287861712584e+02
1.082915867521702893e+02
1.083061806719587850e+02
1.082296348701185451e+02
1.083139574213695369e+02
1.081958437839868878e+02
1.082597781527861684e+02
1.084181569327737549e+02
1.082069698067581243e+02
1.084985664015379712e+02
1.084253258445641706e+02
1.083672561039430065e+02
1.083228616248887164e+02
1.085142051319587608e+02
1.082592575371830748e+02
1.083368678423026239e+02
1.084249754613066017e+02
1.084417773510983807e+02
1.084382114312132188e+02
1.084332375027233155e+02
1.085077947113068149e+02
1.085044213291808859e+02
1.084967634498019180e+02
1.085575351165776823e+02
1.082725570535322248e+02
1.084334138632858071e+02
1.082144968042110378e+02
1.083150887728699701e+02
1.084008450021215850e+02
1.084098063743453935e+02
1.084060596335200444e+02
1.085548925231962158e+02
1.084811308667691634e+02
1.084278899797698870e+02
1.085763385204092515e+02
1.082863871836717493e+02
1.084845728378529657e+02
1.084131361459260035e+02
1.084139834145993433e+02
1.084082307654771427e+02
1.083450134891468934e+02
1.083481462700491846e+02
1.083522486050776621e+02
1.083353855645894583e+02
1.083410723437319092e+02
1.082450648740542221e+02
1.083343797026834068e+02
1.083766635954136035e+02
1.083598599496297084e+02
1.085229582668376196e+02
1.083843321620573192e+02
1.083843321620573192e+02
1.082353092841288600e+02
1.083621591902705177e+02
1.083390702783979691e+02
1.083454549442842421e+02
1.082375421076722972e+02
1.082452913624583744e+02
1.082450222530616912e+02
1.082065793287497399e+02
1.082008384708763629e+02
1.083270346737509016e+02
1.081605498394578291e+02
1.081367756261859085e+02
1.083301569944676856e+02
1.083333180469583823e+02
1.082877165761650389e+02
1.082082514773117623e+02
1.081843108297009053e+02
1.081417147168385782e+02
1.081407226311044383e+02
1.081964842142147063e+02
1.081268461694722305e+02
1.081614678210423079e+02
1.081743253103643809e+02
1.081394283343666416e+02
1.080813583818902970e+02
1.080521485131414039e+02
1.081075707117373668e+02
1.080416385208051793e+02
1.079112082181700458e+02
1.079135404082954892e+02
1.079267675706452110e+02
1.079709975009974983e+02
1.080369719309192647e+02
1.079621371247971950e+02
1.079092033551617789e+02
1.079578697131888703e+02
1.078681685662157861e+02
1.077788737919894970e+02
1.078208348953029798e+02
1.078072219092077262e+02
1.078271538963205529e+02
1.077571393984869133e+02
1.075884481606817218e+02
1.076243199985063370e+02
1.078035217630962279e+02
1.075404750245418768e+02
1.076289255514255530e+02
1.074931949101127202e+02
1.075548446204474686e+02
1.075300994095320419e+02
1.075281353242346114e+02
1.074722759758220718e+02
1.074906345010511615e+02
1.075255761452569914e+02
1.073793441605941581e+02
1.074988711030377573e+02
1.074820395955147774e+02
1.073445749799916484e+02
1.073353374887062728e+02
1.072790472302883700e+02
1.072995798851234639e+02
1.072214950840837417e+02
1.072214950840837417e+02
1.074028254215754146e+02
1.074119350119350003e+02
1.073031074343574431e+02
1.073103392744596363e+02
1.073134381889011593e+02
1.073274768358101738e+02
1.073053278349574811e+02
1.073084481917815225e+02
1.072661659351659296e+02
1.072648126973127063e+02
1.073376151904520839e+02
1.072364536708508354e+02
1.072620648471712315e+02
1.072828211214736029e+02
1.073579892321026961e+02
1.073316282855290069e+02
1.073337024533833102e+02
1.073342569743279000e+02
1.073478980642101277e+02
1.072896773056347683e+02
1.072885550952926934e+02
1.072671295632288633e+02
1.074173810211044184e+02
1.074020307194065964e+02
1.073767738625894737e+02
1.073880408534860891e+02
1.073269172921950627e+02
1.074020452903431533e+02
1.075130033519001245e+02
1.073678068365568379e+02
1.075200075495820187e+02
1.073208718265455985e+02
1.074345468565326769e+02
1.073687447645780964e+02
1.073994816008704873e+02
1.073874733319177750e+02
1.073530996626741398e+02
1.073740448304278061e+02
1.073062079974136651e+02
1.073634996971876490e+02
1.073454013205786168e+02
1.073728704154236056e+02
1.073882215002782345e+02
1.074140282039218164e+02
1.072192814171980899e+02
1.072338804422137741e+02
1.074185938765726149e+02
1.073073347385847427e+02
1.072156913827205358e+02
1.072744787886631883e+02
1.072930229738740451e+02
1.072799594539074377e+02
1.073881873305632126e+02
1.073559254544597223e+02
1.073963567113212463e+02
1.074024377251327707e+02
1.074099710609560816e+02
1.073772283625081201e+02
1.074540218423551750e+02
1.074106452703674819e+02
1.073480140741842916e+02
1.074021909983021033e+02
1.074068316714149915e+02
1.074068316714149915e+02
1.074026223776223787e+02
1.073377616499602283e+02
1.073465557863902973e+02
1.072764953713653426e+02
1.072192599781252085e+02
1.072027897559812573e+02
1.072861319137914933e+02
1.071644754729861120e+02
1.072637714417619890e+02
1.072778514550855107e+02
1.072841869136904478e+02
1.072462832421933996e+02
1.072633266103478746e+02
1.072478738160534846e+02
1.071802328278392196e+02
1.070501659451659435e+02
1.071433762683762581e+02
1.070934930621504577e+02
1.071811355827431385e+02
1.071343787807932841e+02
1.071026414851237547e+02
1.071117244663225847e+02
1.071252679798779042e+02
1.071190657245621765e+02
1.073597128097364504e+02
1.072554507049188004e+02
1.072546264640709097e+02
1.072471547279880610e+02
1.072338075196408482e+02
1.072128350970017578e+02
1.071677543759104054e+02
1.071801318145999034e+02
1.071765297700285942e+02
1.072112158705858178e+02
1.071609347661519820e+02
1.069717631535543632e+02
1.069837829779690281e+02
1.070668853110713599e+02
1.070393290016478431e+02
1.072226534668378690e+02
1.072222998243329215e+02
1.072287423638268962e+02
1.073481888689055523e+02
1.072522192464745672e+02
1.073480689640637280e+02
1.072783426671071396e+02
1.070329481025934939e+02
1.070418868628088376e+02
1.070020001432767458e+02
1.072475034970835708e+02
1.073059760016299720e+02
1.071383153961877497e+02
1.073164558472529535e+02
1.073255520557452911e+02
1.073023912583212081e+02
1.073283389610925838e+02
1.073211100520520773e+02
1.071408007688814905e+02
1.069874627173525852e+02
1.069579689414494084e+02
1.069719948407539079e+02
1.070556101297252525e+02
1.069064342958157994e+02
1.071197077950505872e+02
1.071068199850232787e+02
1.070138373796766160e+02
1.069934132560373854e+02
1.070159176936363679e+02
1.070275124237606974e+02
1.071842466691890507e+02
1.070412584351118568e+02
1.070248928040945202e+02
1.070247438145123624e+02
1.070293120650391501e+02
1.070173387753177963e+02
1.069254760737030239e+02
1.071005160656697370e+02
1.070753732083519338e+02
1.070433801003304524e+02
1.071558809560109893e+02
1.069940918164135724e+02
1.069463535518854655e+02
1.069724086656710824e+02
1.069104468230775211e+02
1.069321839081540020e+02
1.069690179385831499e+02
1.068538540667124721e+02
1.068042352732209253e+02
1.069583178148904636e+02
1.070538218519069602e+02
1.070751439931227225e+02
1.070510524097030185e+02
1.071175902317167612e+02
1.071654430470611743e+02
1.071946558834968641e+02
1.072995071831242058e+02
1.072424490412881681e+02
1.073046191173514927e+02
1.073031679835655154e+02
1.073730060010910989e+02
1.073628499750840177e+02
1.073126016053955567e+02
1.072650957440524593e+02
1.073980279763140260e+02
1.074181242809375334e+02
1.074100229763232193e+02
1.074214451173552760e+02
1.074938639601139556e+02
1.073332509208897960e+02
1.074160648737480983e+02
1.074224715099715013e+02
1.073519085801030286e+02
1.074778049008604626e+02
1.075908571428571463e+02
1.076248694045519443e+02
1.077046836677814809e+02
1.077106555872111358e+02
1.078256113137686611e+02
1.079075598478790425e+02
1.079731102730947470e+02
1.078395712423455706e+02
1.079464898160015451e+02
1.078224124709250304e+02
1.079461668391506208e+02
1.079447378403153408e+02
1.080918009967317630e+02
1.080345332165656913e+02
1.081392310774022718e+02
1.080685550763754463e+02
1.080852567543388858e+02
1.079098190414115237e+02
1.079591147119916741e+02
1.079515733198566494e+02
1.078839435800494471e+02
1.080076410117641785e+02
1.080810517620097215e+02
1.081545104171191127e+02
1.081862703715124354e+02
1.084766426287661290e+02
1.082217820776642014e+02
1.083689798790552032e+02
1.083612899626987200e+02
1.083632672391995726e+02
1.081966296138702575e+02
1.081870254227424084e+02
1.083638881826393430e+02
1.084223676344659424e+02
1.083165642623865779e+02
1.080797250843834689e+02
1.079775277862234333e+02
1.078919718483548280e+02
1.081702599608810829e+02
1.082666065285994108e+02
1.081655797294425696e+02
1.079869519818687280e+02
1.079670712867567772e+02
1.079617554649932032e+02
1.079400696911242790e+02
1.079622480126422488e+02
1.081419113532280250e+02
1.080594343635601717e+02
1.079464276266734259e+02
1.079452425531915054e+02
1.079856687496332910e+02
1.077591606774354176e+02
1.080214929987270551e+02
1.079157215040953588e+02
1.079569301123562610e+02
1.078738101628198365e+02
1.076784432844215331e+02
1.075917252639112576e+02
1.075730202526941639e+02
1.074875836464483854e+02
1.072469042363433687e+02
1.073132780496391518e+02
1.071946526213607029e+02
1.069351687987287960e+02
1.069436499580219362e+02
1.065407742522028229e+02
1.065272336036747021e+02
1.063299480125137961e+02
1.061593503353371801e+02
1.060811059241510321e+02
1.062245616023028418e+02
1.061925087582982314e+02
1.061564529914529800e+02
1.060780264180264112e+02
1.061444423442768539e+02
1.062687468218384765e+02
1.062729799580043135e+02
1.062513113452102829e+02
1.062912878944980548e+02
1.062757824413292838e+02
1.062232108317214738e+02
1.062892485695770546e+02
1.062527031675967919e+02
1.062912328842561465e+02
1.062833835352984124e+02
1.062586985236985271e+02
1.062956396586952224e+02
1.064048368854266613e+02
1.062928292181070020e+02
1.064873587329540925e+02
1.063893074923776538e+02
1.065164673711718706e+02
1.063612578400590110e+02
1.064404780135463255e+02
1.064229187821013056e+02
1.064342819906649567e+02
1.063685221536098879e+02
1.064176944319488172e+02
1.064737243560498428e+02
1.064828441428478669e+02
1.063898156951884886e+02
1.062666215214826337e+02
1.064045869583943471e+02
1.063164320915709737e+02
1.064484448818155471e+02
1.062391624831695793e+02
1.064806425826395895e+02
1.062290967197586582e+02
1.063998907200661534e+02
1.064402550258279945e+02
1.062561887067766264e+02
1.065082627511705624e+02
1.064476509926071230e+02
1.063539259838601794e+02
1.062528833658219583e+02
1.063227841088952204e+02
1.064195392408111758e+02
1.063293339016950085e+02
1.063866238672525242e+02
1.063352761192673483e+02
1.063062925192091939e+02
1.064576789564658270e+02
1.063528978872545991e+02
1.063961667816651016e+02
1.063409189359481815e+02
1.064705744088054047e+02
1.064688281449977438e+02
1.064155798311500121e+02
1.063568285191092144e+02
1.063612234297541335e+02
1.063989876995662627e+02
1.063896448622092521e+02
1.063143644042766738e+02
1.062623179289845865e+02
1.064287932935593659e+02
1.062663505476005525e+02
1.063509308673782385e+02
1.062224698628207307e+02
1.063679024841305392e+02
1.061948210171894402e+02
1.062504426481034585e+02
1.061516591352117729e+02
1.062263710360948181e+02
1.061837824091113589e+02
1.062970341062446238e+02
1.062626102644377539e+02
1.061912544333923734e+02
1.062746451620720762e+02
1.062754656608823325e+02
1.063210436006488635e+02
1.062787622816862694e+02
1.063514744000855075e+02
1.064134707681856753e+02
1.062515612049987084e+02
1.063798220685622624e+02
1.062724793108126420e+02
1.063063224121557511e+02
1.062464474517252455e+02
1.063249764571036593e+02
1.065344892585467420e+02
1.063816037530343266e+02
1.063951273485614735e+02
1.063109634030686692e+02
1.063950202696913152e+02
1.062915202217102859e+02
1.062933788244460658e+02
1.063225361788958452e+02
1.063921666584973877e+02
1.064071842263331718e+02
1.063433183329016742e+02
1.062809642301601372e+02
1.063221890804127696e+02
1.062995428872621915e+02
1.062884854884123911e+02
1.063135315518356521e+02
1.063474439893812900e+02
1.062972289244219155e+02
1.062936314166250753e+02
1.063468377943928544e+02
1.064418985552026555e+02
1.063647679429221142e+02
1.063554720185459246e+02
1.064129218599247935e+02
1.063583063362811316e+02
1.064535277709619692e+02
1.064248588670947697e+02
1.064418569313119605e+02
1.063774812338408964e+02
1.062983249158249208e+02
1.063875261713955638e+02
1.064235665727826898e+02
1.065169380291366110e+02
1.064989930033192422e+02
1.064001892481839349e+02
1.063797751783007470e+02
1.064288092917478821e+02
1.064219014822085114e+02
1.063779413000904128e+02
1.064997560228919866e+02
1.062826185077647096e+02
1.061613062322126666e+02
1.060602277839119978e+02
1.058317910890279308e+02
1.056047692625762835e+02
1.059439882631987757e+02
1.060663010743085835e+02
1.058470496973786368e+02
1.058782832664411586e+02
1.058758054323843680e+02
1.056676934582636278e+02
1.058148057108583515e+02
1.057234930968605369e+02
1.057302147373419103e+02
1.056196727127648245e+02
1.055208672133275201e+02
1.055085847794181149e+02
1.056039264828738595e+02
1.055457796021392483e+02
1.055528863193336946e+02
1.056150530647606729e+02
1.056183162597636311e+02
1.056196544277684524e+02
1.055842628564850685e+02
1.055860245721356847e+02
1.055643157768157749e+02
1.055680802736358288e+02
1.055174830476000096e+02
1.054410851494184698e+02
1.056267993702204109e+02
1.055896575403154429e+02
1.057295576283149359e+02
1.059412577224955356e+02
1.058434461290820963e+02
1.058096915385170860e+02
1.058975138909714815e+02
1.059424360564711378e+02
1.059791454619671072e+02
1.059305722569611561e+02
1.060677387914229968e+02
1.057314273337665185e+02
1.060170109707250532e+02
1.060703649555988903e+02
1.061216526867111725e+02
1.061513972490580500e+02
1.061659018775246750e+02
1.060498841436341451e+02
1.061356781755173415e+02
1.060738571613571679e+02
1.059665350082016744e+02
1.059333872349223071e+02
1.061210840789057102e+02
1.060426754315643194e+02
1.061973384126162046e+02
1.060666373235817588e+02
1.061507305776311654e+02
1.060549307688196592e+02
1.060831193366654333e+02
1.060644249512670712e+02
1.060374833808167097e+02
1.061734646661547146e+02
1.060179152637485913e+02
1.059988447225289292e+02
1.058461635265181258e+02
1.059471209224498693e+02
1.058842325370103055e+02
1.057404054067187644e+02
1.058811002323429307e+02
1.058218928705039872e+02
1.057206515192626313e+02
1.056905663780663787e+02
1.057519151800271402e+02
1.056153009248247372e+02
1.055504222408984418e+02
1.054958132598344349e+02
1.053621428725595450e+02
1.053835661685076843e+02
1.053684736779974855e+02
1.054357210747213571e+02
1.052713605838605844e+02
1.053222295155879209e+02
1.052075750895195370e+02
1.052460321865083728e+02
1.053886997971654154e+02
1.053722771937057701e+02
1.053603912621769751e+02
1.054100059234318536e+02
1.053760059654239711e+02
1.053585343228200344e+02
1.053268313305350290e+02
1.053832789980938145e+02
1.054129077271934420e+02
1.053704745871412456e+02
1.053119423957386971e+02
1.053119423957386971e+02
1.053055424171164987e+02
1.052716810966810925e+02
1.053671606465257327e+02
1.052730957314290663e+02
1.052366293891293907e+02
1.051574598322405336e+02
1.051985917428899739e+02
1.053133534195571173e+02
1.053217317074459771e+02
1.052358559650226226e+02
1.051947272855010880e+02
1.052196511050677685e+02
1.052789723880732708e+02
1.052802553197290081e+02
1.052204439079439027e+02
1.052240756928256928e+02
1.052798521937776286e+02
1.052084739554977659e+02
1.051535694244027610e+02
1.051969981772613352e+02
1.051925505050505052e+02
1.052549902041861145e+02
1.053281391961947548e+02
1.051756486825931347e+02
1.053575356742023388e+02
1.052135274704719023e+02
1.052845080926221186e+02
1.052346614291058700e+02
1.053122957154389923e+02
1.052744401688846239e+02
1.052502972850194993e+02
1.053253071652194421e+02
1.053432435958020932e+02
1.052844650205761212e+02
1.053451813104590684e+02
1.054870430495430469e+02
1.053373236331569700e+02
1.053372113997113928e+02
1.054928918817807784e+02
1.053367437603548638e+02
1.054601537865426764e+02
1.053185559296670561e+02
1.053277116402116462e+02
1.053468414301747629e+02
1.053020883437550168e+02
1.054690522954411875e+02
1.055250100208433395e+02
1.054813961929702799e+02
1.055725765147061423e+02
1.055508128973041266e+02
1.056198492865159437e+02
1.056136978951306418e+02
1.056623131903833581e+02
1.057058353187495641e+02
1.057027002832558225e+02
1.056327037430838658e+02
1.055750454007763892e+02
1.058003792332496005e+02
1.056592962601978201e+02
1.056650178687459203e+02
1.056631587971987614e+02
1.056552666388192847e+02
1.056703044906504942e+02
1.056269412848360361e+02
1.056837268067287567e+02
1.056065750093527953e+02
1.056094342899898493e+02
1.056524648191314810e+02
1.056877399728277140e+02
1.055783569825236583e+02
1.054448173252997805e+02
1.056538132649243806e+02
1.056762432526321476e+02
1.057014368834544342e+02
1.057365948306981522e+02
1.057168841599884530e+02
1.057121182586094932e+02
1.057053858927153414e+02
1.056725723774456611e+02
1.056460979187587412e+02
1.057637606857183528e+02
1.057093023337523476e+02
1.056266214495381064e+02
1.056435602594750520e+02
1.057077245799467988e+02
1.056142122984228280e+02
1.056497400747400803e+02
1.055645800407705082e+02
1.056165323873657371e+02
1.055226671476671498e+02
1.055021678424456155e+02
1.054357578048054194e+02
1.055258383591717006e+02
1.053677315482871109e+02
1.054855800064133433e+02
1.054658869395711491e+02
1.055267094017094109e+02
1.052769222533476778e+02
1.053550986927302802e+02
1.054904193029193067e+02
1.054988838628702155e+02
1.052244846406030661e+02
1.053357279294779119e+02
1.053366761838984047e+02
1.053921694168404741e+02
1.053296315395852503e+02
1.052946607891783373e+02
1.053473758751536593e+02
1.054760889316444832e+02
1.054926469864335417e+02
1.055106526604577226e+02
1.056120459444533566e+02
1.054676106301106273e+02
1.055011537343217327e+02
1.053922295896832821e+02
1.055007610114752907e+02
1.055433122200648626e+02
1.053815159340953045e+02
1.055606833324425935e+02
1.055201196266011152e+02
1.054220463564213475e+02
1.055125004453708044e+02
1.054501434094026564e+02
1.052949371886506356e+02
1.052917798846161332e+02
1.053107826149736610e+02
1.054650185719630144e+02
1.052931532675684707e+02
1.054005762413169833e+02
1.054673614059857414e+02
1.055051993861517730e+02
1.054819163860830571e+02
1.055499572444016820e+02
1.054688472021805410e+02
1.054148957450544799e+02
1.054078166395626681e+02
1.054221321887988552e+02
1.054180678228297126e+02
1.054844762820953292e+02
1.054834590991998340e+02
1.054372482308990158e+02
1.054421310611786993e+02
1.053494802522580329e+02
1.053629959204033213e+02
1.053995564663388791e+02
1.053574853473001696e+02
1.053517962441242872e+02
1.053711699382334359e+02
1.053887109950602081e+02
1.053162544759766917e+02
1.054270252124418903e+02
1.054552418249817833e+02
1.053327098141912899e+02
1.053337000962000758e+02
1.054069378593188162e+02
1.053576294247590539e+02
1.053663299663299568e+02
1.054768847407736274e+02
1.054284879215434785e+02
1.054863950350061401e+02
1.055243960068521432e+02
1.056734498985961039e+02
1.058504997831386731e+02
1.059218168527379049e+02
1.060074446661922281e+02
1.060559742978846316e+02
1.061757996161691580e+02
1.061907252415371090e+02
1.065887327854703699e+02
1.067675278963222354e+02
1.068452798376360278e+02
1.070835754235426549e+02
1.069011161932567120e+02
1.069697153909919933e+02
1.069025473718774037e+02
1.069939235012334393e+02
1.070860281044491558e+02
1.071769332253527836e+02
1.069794792339398555e+02
1.068925137353796941e+02
1.068404013681791440e+02
1.068364943995791947e+02
1.067400940623162882e+02
1.069083271450230654e+02
1.067042403462359630e+02
1.068526566119791141e+02
1.068300523685757639e+02
1.069303113970900512e+02
1.070035486091772583e+02
1.073434294680453149e+02
1.075581496897099640e+02
1.079788182876283713e+02
1.078557237920121992e+02
1.081765313109678601e+02
1.084244473630446919e+02
1.084732393197533469e+02
1.085353179147505358e+02
1.085569607493169428e+02
1.084248579876475986e+02
1.083601710104516087e+02
1.084349366099194611e+02
1.081254738367010901e+02
1.080518074101083243e+02
1.079335399931452457e+02
1.078102916696547453e+02
1.077901637959322869e+02
1.077931258609176126e+02
1.073344555136221743e+02
1.075509049492251989e+02
1.076603899464924439e+02
1.075790133374687940e+02
1.078156912045069902e+02
